SHOULDER-BREADTH-INTERCEPT=11.49840088843267
SHOULDER-BREADTH-COEF=0.1414018676258663
CHEST-INTERCEPT=-41.17238268290548
CHEST-COEF=1.016623500980941
WAIST-INTERCEPT=-28.16316915238805
WAIST-COEF=0.864726605008276
HIP-INTERCEPT=12.411012537850354
HIP-COEF=0.5971329250806054
