SHOULDER-BREADTH-INTERCEPT=17.468011979327557
SHOULDER-BREADTH-COEF=0.10680426936225115
CHEST-INTERCEPT=15.21353379290727
CHEST-COEF=0.6097466244749625
WAIST-INTERCEPT=7.09469840019085
WAIST-COEF=0.5962792802701726
HIP-INTERCEPT=43.72336871573263
HIP-COEF=0.3811112470371015
